8.000000e-01	0	
8.056436e-01	5.067142e-03	
8.112488e-01	1.020520e-02	
8.168090e-01	1.541373e-02	
8.223174e-01	2.069214e-02	
8.277674e-01	2.603970e-02	
8.331524e-01	3.145548e-02	
8.384659e-01	3.693844e-02	
8.437013e-01	4.248737e-02	
8.488523e-01	4.810090e-02	
8.539125e-01	5.377754e-02	
8.588756e-01	5.951563e-02	
8.637356e-01	6.531338e-02	
8.684863e-01	7.116886e-02	
8.731219e-01	7.708000e-02	
8.776365e-01	8.304462e-02	
8.820247e-01	8.906038e-02	
8.862807e-01	9.512485e-02	
8.903994e-01	1.012355e-01	
8.943755e-01	1.073896e-01	
8.982040e-01	1.135843e-01	
9.018800e-01	1.198169e-01	
9.053990e-01	1.260843e-01	
9.087564e-01	1.323835e-01	
9.119481e-01	1.387113e-01	
9.149699e-01	1.450645e-01	
9.178180e-01	1.514397e-01	
9.204888e-01	1.578337e-01	
9.229788e-01	1.642429e-01	
9.252850e-01	1.706639e-01	
9.274042e-01	1.770932e-01	
9.293339e-01	1.835272e-01	
9.310715e-01	1.899623e-01	
9.326147e-01	1.963949e-01	
9.339617e-01	2.028214e-01	
9.351105e-01	2.092381e-01	
9.360598e-01	2.156414e-01	
9.368082e-01	2.220276e-01	
9.373548e-01	2.283932e-01	
9.376987e-01	2.347344e-01	
9.378395e-01	2.410478e-01	
9.377769e-01	2.473297e-01	
9.375109e-01	2.535767e-01	
9.370418e-01	2.597854e-01	
9.363699e-01	2.659522e-01	
9.354961e-01	2.720739e-01	
9.344214e-01	2.781472e-01	
9.331468e-01	2.841689e-01	
9.316740e-01	2.901359e-01	
9.300045e-01	2.960452e-01	
9.281404e-01	3.018938e-01	
9.260836e-01	3.076789e-01	
9.238367e-01	3.133978e-01	
9.214021e-01	3.190479e-01	
9.187827e-01	3.246266e-01	
9.159814e-01	3.301316e-01	
9.130016e-01	3.355606e-01	
9.098465e-01	3.409116e-01	
9.065197e-01	3.461825e-01	
9.030250e-01	3.513716e-01	
8.993663e-01	3.564770e-01	
8.955478e-01	3.614972e-01	
8.915736e-01	3.664309e-01	
8.874483e-01	3.712768e-01	
8.831762e-01	3.760338e-01	
8.787622e-01	3.807010e-01	
8.742111e-01	3.852775e-01	
8.695276e-01	3.897628e-01	
8.647170e-01	3.941564e-01	
8.597844e-01	3.984580e-01	
8.547349e-01	4.026674e-01	
8.495739e-01	4.067848e-01	
8.443067e-01	4.108103e-01	
8.389388e-01	4.147443e-01	
8.334758e-01	4.185873e-01	
8.279231e-01	4.223399e-01	
8.222863e-01	4.260031e-01	
8.165710e-01	4.295778e-01	
8.107829e-01	4.330652e-01	
8.049276e-01	4.364666e-01	
7.990106e-01	4.397835e-01	
7.930377e-01	4.430174e-01	
7.870144e-01	4.461702e-01	
7.809463e-01	4.492438e-01	
7.748388e-01	4.522401e-01	
7.686975e-01	4.551613e-01	
7.625278e-01	4.580098e-01	
7.563351e-01	4.607879e-01	
7.501245e-01	4.634982e-01	
7.439014e-01	4.661433e-01	
7.376708e-01	4.687261e-01	
7.314378e-01	4.712493e-01	
7.252072e-01	4.737159e-01	
7.189839e-01	4.761290e-01	
7.127725e-01	4.784916e-01	
7.065776e-01	4.808070e-01	
7.004035e-01	4.830785e-01	
6.942547e-01	4.853094e-01	
6.881351e-01	4.875030e-01	
6.820489e-01	4.896629e-01	
6.759997e-01	4.917924e-01	
6.699914e-01	4.938952e-01	
6.640273e-01	4.959747e-01	
6.581109e-01	4.980345e-01	
6.522453e-01	5.000782e-01	
6.464334e-01	5.021092e-01	
6.406781e-01	5.041313e-01	
6.349820e-01	5.061480e-01	
6.293476e-01	5.081627e-01	
6.237770e-01	5.101790e-01	
6.182724e-01	5.122003e-01	
6.128356e-01	5.142301e-01	
6.074682e-01	5.162717e-01	
6.021718e-01	5.183285e-01	
5.969477e-01	5.204037e-01	
5.917969e-01	5.225004e-01	
5.867204e-01	5.246218e-01	
5.817189e-01	5.267709e-01	
5.767928e-01	5.289505e-01	
5.719426e-01	5.311635e-01	
5.671683e-01	5.334126e-01	
5.624700e-01	5.357004e-01	
5.578474e-01	5.380293e-01	
5.533001e-01	5.404017e-01	
5.488275e-01	5.428198e-01	
5.444289e-01	5.452857e-01	
5.401034e-01	5.478012e-01	
5.358499e-01	5.503682e-01	
5.316671e-01	5.529883e-01	
5.275537e-01	5.556630e-01	
5.235080e-01	5.583936e-01	
5.195285e-01	5.611813e-01	
5.156132e-01	5.640270e-01	
5.117602e-01	5.669315e-01	
5.079674e-01	5.698955e-01	
5.042326e-01	5.729195e-01	
5.005535e-01	5.760038e-01	
4.969275e-01	5.791484e-01	
4.933522e-01	5.823533e-01	
4.898250e-01	5.856182e-01	
4.863430e-01	5.889428e-01	
4.829035e-01	5.923263e-01	
4.795036e-01	5.957681e-01	
4.761403e-01	5.992670e-01	
4.728106e-01	6.028220e-01	
4.695115e-01	6.064318e-01	
4.662399e-01	6.100947e-01	
4.629925e-01	6.138092e-01	
4.597663e-01	6.175733e-01	
4.565580e-01	6.213850e-01	
4.533644e-01	6.252421e-01	
4.501823e-01	6.291423e-01	
4.470085e-01	6.330830e-01	
4.438397e-01	6.370614e-01	
4.406728e-01	6.410749e-01	
4.375045e-01	6.451203e-01	
4.343319e-01	6.491946e-01	
4.311516e-01	6.532944e-01	
4.279607e-01	6.574164e-01	
4.247562e-01	6.615571e-01	
4.215350e-01	6.657128e-01	
4.182944e-01	6.698796e-01	
4.150314e-01	6.740539e-01	
4.117434e-01	6.782315e-01	
4.084276e-01	6.824084e-01	
4.050815e-01	6.865805e-01	
4.017025e-01	6.907435e-01	
3.982884e-01	6.948932e-01	
3.948367e-01	6.990251e-01	
3.913454e-01	7.031349e-01	
3.878123e-01	7.072181e-01	
3.842355e-01	7.112701e-01	
3.806131e-01	7.152865e-01	
3.769435e-01	7.192626e-01	
3.732251e-01	7.231940e-01	
3.694563e-01	7.270760e-01	
3.656358e-01	7.309041e-01	
3.617626e-01	7.346737e-01	
3.578354e-01	7.383803e-01	
3.538535e-01	7.420194e-01	
3.498159e-01	7.455864e-01	
3.457221e-01	7.490771e-01	
3.415716e-01	7.524871e-01	
3.373639e-01	7.558120e-01	
3.330990e-01	7.590476e-01	
3.287766e-01	7.621898e-01	
3.243969e-01	7.652346e-01	
3.199601e-01	7.681780e-01	
3.154664e-01	7.710162e-01	
3.109165e-01	7.737454e-01	
3.063108e-01	7.763621e-01	
3.016502e-01	7.788627e-01	
2.969355e-01	7.812440e-01	
2.921676e-01	7.835028e-01	
2.873478e-01	7.856359e-01	
2.824773e-01	7.876406e-01	
2.775575e-01	7.895141e-01	
2.725897e-01	7.912539e-01	
2.675757e-01	7.928576e-01	
2.625171e-01	7.943230e-01	
2.574157e-01	7.956481e-01	
2.522734e-01	7.968311e-01	
2.470921e-01	7.978704e-01	
2.418740e-01	7.987645e-01	
2.366212e-01	7.995123e-01	
2.313360e-01	8.001128e-01	
2.260205e-01	8.005651e-01	
2.206773e-01	8.008687e-01	
2.153086e-01	8.010232e-01	
2.099170e-01	8.010284e-01	
2.045050e-01	8.008845e-01	
1.990752e-01	8.005916e-01	
1.936300e-01	8.001504e-01	
1.881722e-01	7.995615e-01	
1.827044e-01	7.988260e-01	
1.772292e-01	7.979449e-01	
1.717493e-01	7.969196e-01	
1.662673e-01	7.957518e-01	
1.607859e-01	7.944433e-01	
1.553078e-01	7.929962e-01	
1.498354e-01	7.914126e-01	
1.443715e-01	7.896950e-01	
1.389185e-01	7.878462e-01	
1.334791e-01	7.858689e-01	
1.280556e-01	7.837663e-01	
1.226506e-01	7.815416e-01	
1.172662e-01	7.791983e-01	
1.119050e-01	7.767400e-01	
1.065691e-01	7.741704e-01	
1.012606e-01	7.714937e-01	
9.598161e-02	7.687139e-01	
9.073418e-02	7.658355e-01	
8.552018e-02	7.628627e-01	
8.034142e-02	7.598004e-01	
7.519961e-02	7.566531e-01	
7.009634e-02	7.534259e-01	
6.503312e-02	7.501238e-01	
6.001132e-02	7.467518e-01	
5.503220e-02	7.433152e-01	
5.009692e-02	7.398194e-01	
4.520649e-02	7.362698e-01	
4.036182e-02	7.326719e-01	
3.556365e-02	7.290313e-01	
3.081264e-02	7.253536e-01	
2.610929e-02	7.216446e-01	
2.145395e-02	7.179100e-01	
1.684686e-02	7.141557e-01	
1.228812e-02	7.103873e-01	
7.777684e-03	7.066109e-01	
3.315358e-03	7.028321e-01	
-1.099176e-03	6.990568e-01	
-5.466381e-03	6.952910e-01	
-9.786860e-03	6.915403e-01	
-1.406135e-02	6.878105e-01	
-1.829073e-02	6.841074e-01	
-2.247601e-02	6.804366e-01	
-2.661834e-02	6.768038e-01	
-3.071900e-02	6.732145e-01	
-3.477939e-02	6.696742e-01	
-3.880105e-02	6.661882e-01	
-4.278563e-02	6.627618e-01	
-4.673493e-02	6.594003e-01	
-5.065084e-02	6.561085e-01	
-5.453537e-02	6.528915e-01	
-5.839065e-02	6.497541e-01	
-6.221890e-02	6.467009e-01	
-6.602245e-02	6.437363e-01	
-6.980373e-02	6.408648e-01	
-7.356526e-02	6.380906e-01	
-7.730964e-02	6.354175e-01	
-8.103956e-02	6.328495e-01	
-8.475777e-02	6.303902e-01	
-8.846711e-02	6.280431e-01	
-9.217047e-02	6.258113e-01	
-9.587080e-02	6.236979e-01	
-9.957110e-02	6.217057e-01	
-1.032744e-01	6.198375e-01	
-1.069838e-01	6.180955e-01	
-1.107025e-01	6.164819e-01	
-1.144334e-01	6.149987e-01	
-1.181799e-01	6.136476e-01	
-1.219451e-01	6.124302e-01	
-1.257321e-01	6.113475e-01	
-1.295441e-01	6.104007e-01	
-1.333842e-01	6.095905e-01	
-1.372556e-01	6.089174e-01	
-1.411615e-01	6.083817e-01	
-1.451048e-01	6.079834e-01	
-1.490886e-01	6.077224e-01	
-1.531159e-01	6.075982e-01	
-1.571896e-01	6.076101e-01	
-1.613126e-01	6.077571e-01	
-1.654878e-01	6.080380e-01	
-1.697177e-01	6.084516e-01	
-1.740052e-01	6.089960e-01	
-1.783526e-01	6.096694e-01	
-1.827626e-01	6.104697e-01	
-1.872375e-01	6.113945e-01	
-1.917794e-01	6.124413e-01	
-1.963906e-01	6.136072e-01	
-2.010731e-01	6.148893e-01	
-2.058288e-01	6.162843e-01	
-2.106594e-01	6.177888e-01	
-2.155666e-01	6.193992e-01	
-2.205519e-01	6.211117e-01	
-2.256166e-01	6.229222e-01	
-2.307619e-01	6.248266e-01	
-2.359889e-01	6.268205e-01	
-2.412984e-01	6.288994e-01	
-2.466913e-01	6.310586e-01	
-2.521679e-01	6.332932e-01	
-2.577289e-01	6.355983e-01	
-2.633743e-01	6.379688e-01	
-2.691043e-01	6.403994e-01	
-2.749188e-01	6.428848e-01	
-2.808174e-01	6.454194e-01	
-2.867996e-01	6.479977e-01	
-2.928649e-01	6.506141e-01	
-2.990125e-01	6.532628e-01	
-3.052413e-01	6.559379e-01	
-3.115501e-01	6.586337e-01	
-3.179377e-01	6.613441e-01	
-3.244024e-01	6.640631e-01	
-3.309426e-01	6.667849e-01	
-3.375564e-01	6.695033e-01	
-3.442418e-01	6.722122e-01	
-3.509965e-01	6.749056e-01	
-3.578182e-01	6.775775e-01	
-3.647042e-01	6.802218e-01	
-3.716519e-01	6.828325e-01	
-3.786585e-01	6.854037e-01	
-3.857208e-01	6.879292e-01	
-3.928358e-01	6.904034e-01	
-4.000000e-01	6.928203e-01	
-4.072101e-01	6.951742e-01	
-4.144624e-01	6.974595e-01	
-4.217532e-01	6.996705e-01	
-4.290786e-01	7.018017e-01	
-4.364347e-01	7.038478e-01	
-4.438175e-01	7.058034e-01	
-4.512226e-01	7.076636e-01	
-4.586458e-01	7.094231e-01	
-4.660828e-01	7.110772e-01	
-4.735290e-01	7.126211e-01	
-4.809799e-01	7.140503e-01	
-4.884308e-01	7.153602e-01	
-4.958772e-01	7.165467e-01	
-5.033142e-01	7.176057e-01	
-5.107370e-01	7.185332e-01	
-5.181409e-01	7.193256e-01	
-5.255209e-01	7.199792e-01	
-5.328722e-01	7.204908e-01	
-5.401898e-01	7.208571e-01	
-5.474689e-01	7.210753e-01	
-5.547045e-01	7.211425e-01	
-5.618917e-01	7.210564e-01	
-5.690257e-01	7.208144e-01	
-5.761016e-01	7.204146e-01	
-5.831145e-01	7.198549e-01	
-5.900596e-01	7.191338e-01	
-5.969323e-01	7.182498e-01	
-6.037279e-01	7.172017e-01	
-6.104417e-01	7.159883e-01	
-6.170693e-01	7.146090e-01	
-6.236061e-01	7.130632e-01	
-6.300479e-01	7.113504e-01	
-6.363904e-01	7.094706e-01	
-6.426293e-01	7.074238e-01	
-6.487608e-01	7.052104e-01	
-6.547808e-01	7.028309e-01	
-6.606857e-01	7.002859e-01	
-6.664717e-01	6.975765e-01	
-6.721353e-01	6.947037e-01	
-6.776733e-01	6.916690e-01	
-6.830823e-01	6.884738e-01	
-6.883594e-01	6.851199e-01	
-6.935016e-01	6.816093e-01	
-6.985063e-01	6.779441e-01	
-7.033710e-01	6.741265e-01	
-7.080932e-01	6.701590e-01	
-7.126709e-01	6.660444e-01	
-7.171021e-01	6.617854e-01	
-7.213849e-01	6.573849e-01	
-7.255179e-01	6.528462e-01	
-7.294996e-01	6.481725e-01	
-7.333288e-01	6.433671e-01	
-7.370046e-01	6.384337e-01	
-7.405262e-01	6.333759e-01	
-7.438931e-01	6.281974e-01	
-7.471048e-01	6.229022e-01	
-7.501613e-01	6.174943e-01	
-7.530627e-01	6.119778e-01	
-7.558092e-01	6.063568e-01	
-7.584013e-01	6.006356e-01	
-7.608397e-01	5.948185e-01	
-7.631253e-01	5.889099e-01	
-7.652593e-01	5.829143e-01	
-7.672430e-01	5.768361e-01	
-7.690778e-01	5.706799e-01	
-7.707656e-01	5.644502e-01	
-7.723083e-01	5.581516e-01	
-7.737079e-01	5.517887e-01	
-7.749669e-01	5.453661e-01	
-7.760877e-01	5.388884e-01	
-7.770729e-01	5.323601e-01	
-7.779255e-01	5.257859e-01	
-7.786485e-01	5.191702e-01	
-7.792451e-01	5.125176e-01	
-7.797186e-01	5.058325e-01	
-7.800727e-01	4.991193e-01	
-7.803108e-01	4.923823e-01	
-7.804369e-01	4.856260e-01	
-7.804550e-01	4.788544e-01	
-7.803690e-01	4.720718e-01	
-7.801832e-01	4.652821e-01	
-7.799020e-01	4.584893e-01	
-7.795296e-01	4.516974e-01	
-7.790708e-01	4.449101e-01	
-7.785300e-01	4.381309e-01	
-7.779120e-01	4.313636e-01	
-7.772216e-01	4.246114e-01	
-7.764635e-01	4.178778e-01	
-7.756427e-01	4.111659e-01	
-7.747641e-01	4.044786e-01	
-7.738328e-01	3.978191e-01	
-7.728536e-01	3.911899e-01	
-7.718317e-01	3.845938e-01	
-7.707721e-01	3.780333e-01	
-7.696799e-01	3.715106e-01	
-7.685600e-01	3.650280e-01	
-7.674176e-01	3.585875e-01	
-7.662576e-01	3.521910e-01	
-7.650849e-01	3.458402e-01	
-7.639046e-01	3.395367e-01	
-7.627215e-01	3.332819e-01	
-7.615403e-01	3.270772e-01	
-7.603660e-01	3.209235e-01	
-7.592030e-01	3.148219e-01	
-7.580561e-01	3.087731e-01	
-7.569296e-01	3.027779e-01	
-7.558280e-01	2.968366e-01	
-7.547556e-01	2.909496e-01	
-7.537164e-01	2.851173e-01	
-7.527147e-01	2.793394e-01	
-7.517541e-01	2.736161e-01	
-7.508385e-01	2.679470e-01	
-7.499716e-01	2.623319e-01	
-7.491567e-01	2.567701e-01	
-7.483971e-01	2.512610e-01	
-7.476960e-01	2.458039e-01	
-7.470564e-01	2.403979e-01	
-7.464810e-01	2.350420e-01	
-7.459724e-01	2.297351e-01	
-7.455331e-01	2.244759e-01	
-7.451652e-01	2.192631e-01	
-7.448708e-01	2.140954e-01	
-7.446517e-01	2.089711e-01	
-7.445095e-01	2.038887e-01	
-7.444457e-01	1.988465e-01	
-7.444615e-01	1.938427e-01	
-7.445578e-01	1.888755e-01	
-7.447355e-01	1.839431e-01	
-7.449951e-01	1.790434e-01	
-7.453371e-01	1.741744e-01	
-7.457615e-01	1.693342e-01	
-7.462683e-01	1.645206e-01	
-7.468572e-01	1.597316e-01	
-7.475277e-01	1.549649e-01	
-7.482792e-01	1.502185e-01	
-7.491106e-01	1.454901e-01	
-7.500210e-01	1.407777e-01	
-7.510089e-01	1.360789e-01	
-7.520727e-01	1.313918e-01	
-7.532109e-01	1.267140e-01	
-7.544214e-01	1.220435e-01	
-7.557021e-01	1.173782e-01	
-7.570506e-01	1.127161e-01	
-7.584645e-01	1.080550e-01	
-7.599411e-01	1.033930e-01	
-7.614775e-01	9.872821e-02	
-7.630706e-01	9.405869e-02	
-7.647173e-01	8.938263e-02	
-7.664142e-01	8.469830e-02	
-7.681578e-01	8.000401e-02	
-7.699444e-01	7.529814e-02	
-7.717701e-01	7.057920e-02	
-7.736312e-01	6.584572e-02	
-7.755235e-01	6.109637e-02	
-7.774428e-01	5.632990e-02	
-7.793849e-01	5.154513e-02	
-7.813454e-01	4.674103e-02	
-7.833197e-01	4.191663e-02	
-7.853033e-01	3.707109e-02	
-7.872917e-01	3.220368e-02	
-7.892800e-01	2.731376e-02	
-7.912635e-01	2.240082e-02	
-7.932374e-01	1.746448e-02	
-7.951968e-01	1.250446e-02	
-7.971369e-01	7.520582e-03	
-7.990527e-01	2.512819e-03	
-8.009394e-01	-2.518752e-03	
-8.027919e-01	-7.573934e-03	
-8.046054e-01	-1.265241e-02	
-8.063750e-01	-1.775373e-02	
-8.080957e-01	-2.287735e-02	
-8.097628e-01	-2.802258e-02	
-8.113715e-01	-3.318864e-02	
-8.129169e-01	-3.837462e-02	
-8.143944e-01	-4.357949e-02	
-8.157994e-01	-4.880211e-02	
-8.171274e-01	-5.404126e-02	
-8.183738e-01	-5.929556e-02	
-8.195344e-01	-6.456358e-02	
-8.206048e-01	-6.984376e-02	
-8.215809e-01	-7.513444e-02	
-8.224587e-01	-8.043388e-02	
-8.232343e-01	-8.574026e-02	
-8.239040e-01	-9.105164e-02	
-8.244641e-01	-9.636603e-02	
-8.249111e-01	-1.016814e-01	
-8.252417e-01	-1.069955e-01	
-8.254528e-01	-1.123062e-01	
-8.255414e-01	-1.176111e-01	
-8.255047e-01	-1.229081e-01	
-8.253400e-01	-1.281946e-01	
-8.250449e-01	-1.334684e-01	
-8.246171e-01	-1.387268e-01	
-8.240546e-01	-1.439674e-01	
-8.233554e-01	-1.491878e-01	
-8.225180e-01	-1.543852e-01	
-8.215408e-01	-1.595573e-01	
-8.204227e-01	-1.647014e-01	
-8.191624e-01	-1.698150e-01	
-8.177593e-01	-1.748955e-01	
-8.162126e-01	-1.799404e-01	
-8.145221e-01	-1.849471e-01	
-8.126874e-01	-1.899132e-01	
-8.107086e-01	-1.948362e-01	
-8.085860e-01	-1.997136e-01	
-8.063200e-01	-2.045430e-01	
-8.039113e-01	-2.093222e-01	
-8.013607e-01	-2.140488e-01	
-7.986695e-01	-2.187207e-01	
-7.958388e-01	-2.233357e-01	
-7.928703e-01	-2.278917e-01	
-7.897656e-01	-2.323867e-01	
-7.865267e-01	-2.368188e-01	
-7.831558e-01	-2.411863e-01	
-7.796551e-01	-2.454874e-01	
-7.760273e-01	-2.497205e-01	
-7.722750e-01	-2.538842e-01	
-7.684011e-01	-2.579770e-01	
-7.644087e-01	-2.619976e-01	
-7.603011e-01	-2.659450e-01	
-7.560817e-01	-2.698181e-01	
-7.517541e-01	-2.736161e-01	
-7.473220e-01	-2.773382e-01	
-7.427894e-01	-2.809837e-01	
-7.381602e-01	-2.845523e-01	
-7.334386e-01	-2.880436e-01	
-7.286290e-01	-2.914574e-01	
-7.237358e-01	-2.947937e-01	
-7.187634e-01	-2.980526e-01	
-7.137166e-01	-3.012345e-01	
-7.086001e-01	-3.043396e-01	
-7.034186e-01	-3.073687e-01	
-6.981771e-01	-3.103225e-01	
-6.928807e-01	-3.132018e-01	
-6.875342e-01	-3.160078e-01	
-6.821428e-01	-3.187416e-01	
-6.767117e-01	-3.214046e-01	
-6.712460e-01	-3.239983e-01	
-6.657509e-01	-3.265245e-01	
-6.602316e-01	-3.289849e-01	
-6.546934e-01	-3.313816e-01	
-6.491414e-01	-3.337166e-01	
-6.435810e-01	-3.359923e-01	
-6.380172e-01	-3.382110e-01	
-6.324553e-01	-3.403754e-01	
-6.269004e-01	-3.424880e-01	
-6.213575e-01	-3.445518e-01	
-6.158318e-01	-3.465698e-01	
-6.103281e-01	-3.485449e-01	
-6.048514e-01	-3.504803e-01	
-5.994065e-01	-3.523795e-01	
-5.939980e-01	-3.542458e-01	
-5.886307e-01	-3.560827e-01	
-5.833090e-01	-3.578939e-01	
-5.780374e-01	-3.596831e-01	
-5.728201e-01	-3.614541e-01	
-5.676614e-01	-3.632107e-01	
-5.625652e-01	-3.649569e-01	
-5.575354e-01	-3.666968e-01	
-5.525758e-01	-3.684344e-01	
-5.476899e-01	-3.701738e-01	
-5.428812e-01	-3.719192e-01	
-5.381530e-01	-3.736748e-01	
-5.335082e-01	-3.754448e-01	
-5.289499e-01	-3.772336e-01	
-5.244808e-01	-3.790453e-01	
-5.201034e-01	-3.808842e-01	
-5.158200e-01	-3.827547e-01	
-5.116329e-01	-3.846609e-01	
-5.075440e-01	-3.866071e-01	
-5.035551e-01	-3.885975e-01	
-4.996677e-01	-3.906363e-01	
-4.958832e-01	-3.927276e-01	
-4.922028e-01	-3.948755e-01	
-4.886274e-01	-3.970840e-01	
-4.851578e-01	-3.993570e-01	
-4.817945e-01	-4.016984e-01	
-4.785378e-01	-4.041121e-01	
-4.753878e-01	-4.066016e-01	
-4.723445e-01	-4.091706e-01	
-4.694075e-01	-4.118226e-01	
-4.665764e-01	-4.145609e-01	
-4.638505e-01	-4.173888e-01	
-4.612287e-01	-4.203093e-01	
-4.587101e-01	-4.233256e-01	
-4.562933e-01	-4.264403e-01	
-4.539767e-01	-4.296561e-01	
-4.517588e-01	-4.329757e-01	
-4.496375e-01	-4.364013e-01	
-4.476109e-01	-4.399352e-01	
-4.456767e-01	-4.435794e-01	
-4.438325e-01	-4.473356e-01	
-4.420756e-01	-4.512057e-01	
-4.404034e-01	-4.551909e-01	
-4.388129e-01	-4.592926e-01	
-4.373009e-01	-4.635119e-01	
-4.358644e-01	-4.678496e-01	
-4.345000e-01	-4.723065e-01	
-4.332041e-01	-4.768829e-01	
-4.319732e-01	-4.815791e-01	
-4.308035e-01	-4.863951e-01	
-4.296911e-01	-4.913308e-01	
-4.286322e-01	-4.963858e-01	
-4.276226e-01	-5.015594e-01	
-4.266582e-01	-5.068508e-01	
-4.257348e-01	-5.122590e-01	
-4.248481e-01	-5.177826e-01	
-4.239937e-01	-5.234203e-01	
-4.231671e-01	-5.291702e-01	
-4.223641e-01	-5.350305e-01	
-4.215799e-01	-5.409990e-01	
-4.208100e-01	-5.470733e-01	
-4.200500e-01	-5.532509e-01	
-4.192951e-01	-5.595290e-01	
-4.185409e-01	-5.659047e-01	
-4.177827e-01	-5.723746e-01	
-4.170159e-01	-5.789355e-01	
-4.162359e-01	-5.855838e-01	
-4.154383e-01	-5.923157e-01	
-4.146184e-01	-5.991271e-01	
-4.137719e-01	-6.060141e-01	
-4.128943e-01	-6.129723e-01	
-4.119813e-01	-6.199972e-01	
-4.110286e-01	-6.270841e-01	
-4.100319e-01	-6.342282e-01	
-4.089872e-01	-6.414247e-01	
-4.078903e-01	-6.486684e-01	
-4.067373e-01	-6.559540e-01	
-4.055244e-01	-6.632763e-01	
-4.042477e-01	-6.706297e-01	
-4.029038e-01	-6.780086e-01	
-4.014890e-01	-6.854075e-01	
-4.000000e-01	-6.928203e-01	
-3.984335e-01	-7.002414e-01	
-3.967864e-01	-7.076647e-01	
-3.950558e-01	-7.150842e-01	
-3.932388e-01	-7.224938e-01	
-3.913327e-01	-7.298875e-01	
-3.893350e-01	-7.372589e-01	
-3.872433e-01	-7.446020e-01	
-3.850555e-01	-7.519105e-01	
-3.827696e-01	-7.591781e-01	
-3.803835e-01	-7.663987e-01	
-3.778958e-01	-7.735659e-01	
-3.753047e-01	-7.806736e-01	
-3.726091e-01	-7.877156e-01	
-3.698077e-01	-7.946857e-01	
-3.668995e-01	-8.015778e-01	
-3.638838e-01	-8.083860e-01	
-3.607598e-01	-8.151041e-01	
-3.575272e-01	-8.217262e-01	
-3.541856e-01	-8.282467e-01	
-3.507351e-01	-8.346596e-01	
-3.471755e-01	-8.409595e-01	
-3.435073e-01	-8.471407e-01	
-3.397307e-01	-8.531979e-01	
-3.358465e-01	-8.591259e-01	
-3.318554e-01	-8.649194e-01	
-3.277584e-01	-8.705736e-01	
-3.235564e-01	-8.760835e-01	
-3.192509e-01	-8.814446e-01	
-3.148432e-01	-8.866522e-01	
-3.103349e-01	-8.917022e-01	
-3.057277e-01	-8.965903e-01	
-3.010236e-01	-9.013127e-01	
-2.962244e-01	-9.058655e-01	
-2.913324e-01	-9.102452e-01	
-2.863497e-01	-9.144485e-01	
-2.812790e-01	-9.184723e-01	
-2.761225e-01	-9.223135e-01	
-2.708831e-01	-9.259696e-01	
-2.655634e-01	-9.294381e-01	
-2.601663e-01	-9.327167e-01	
-2.546947e-01	-9.358035e-01	
-2.491516e-01	-9.386967e-01	
-2.435402e-01	-9.413947e-01	
-2.378636e-01	-9.438962e-01	
-2.321252e-01	-9.462004e-01	
-2.263281e-01	-9.483062e-01	
-2.204759e-01	-9.502133e-01	
-2.145719e-01	-9.519213e-01	
-2.086196e-01	-9.534301e-01	
-2.026225e-01	-9.547400e-01	
-1.965840e-01	-9.558514e-01	
-1.905079e-01	-9.567649e-01	
-1.843975e-01	-9.574815e-01	
-1.782565e-01	-9.580024e-01	
-1.720884e-01	-9.583290e-01	
-1.658968e-01	-9.584629e-01	
-1.596851e-01	-9.584060e-01	
-1.534570e-01	-9.581603e-01	
-1.472158e-01	-9.577284e-01	
-1.409650e-01	-9.571126e-01	
-1.347081e-01	-9.563157e-01	
-1.284483e-01	-9.553409e-01	
-1.221890e-01	-9.541911e-01	
-1.159333e-01	-9.528700e-01	
-1.096844e-01	-9.513809e-01	
-1.034454e-01	-9.497277e-01	
-9.721935e-02	-9.479144e-01	
-9.100910e-02	-9.459451e-01	
-8.481747e-02	-9.438241e-01	
-7.864721e-02	-9.415558e-01	
-7.250094e-02	-9.391450e-01	
-6.638117e-02	-9.365962e-01	
-6.029032e-02	-9.339145e-01	
-5.423068e-02	-9.311048e-01	
-4.820443e-02	-9.281724e-01	
-4.221363e-02	-9.251224e-01	
-3.626021e-02	-9.219602e-01	
-3.034598e-02	-9.186912e-01	
-2.447261e-02	-9.153210e-01	
-1.864164e-02	-9.118553e-01	
-1.285449e-02	-9.082995e-01	
-7.112439e-03	-9.046596e-01	
-1.416613e-03	-9.009412e-01	
4.231984e-03	-8.971501e-01	
9.832490e-03	-8.932922e-01	
1.538419e-02	-8.893733e-01	
2.088649e-02	-8.853993e-01	
2.633895e-02	-8.813760e-01	
3.174127e-02	-8.773092e-01	
3.709328e-02	-8.732047e-01	
4.239495e-02	-8.690684e-01	
4.764639e-02	-8.649058e-01	
5.284783e-02	-8.607228e-01	
5.799964e-02	-8.565249e-01	
6.310232e-02	-8.523176e-01	
6.815650e-02	-8.481065e-01	
7.316292e-02	-8.438969e-01	
7.812245e-02	-8.396940e-01	
8.303607e-02	-8.355031e-01	
8.790489e-02	-8.313292e-01	
9.273010e-02	-8.271771e-01	
9.751303e-02	-8.230519e-01	
1.022551e-01	-8.189580e-01	
1.069578e-01	-8.149000e-01	
1.116227e-01	-8.108824e-01	
1.162515e-01	-8.069092e-01	
1.208460e-01	-8.029846e-01	
1.254080e-01	-7.991123e-01	
1.299394e-01	-7.952962e-01	
1.344423e-01	-7.915397e-01	
1.389185e-01	-7.878462e-01	
1.433703e-01	-7.842188e-01	
1.477997e-01	-7.806604e-01	
1.522089e-01	-7.771737e-01	
1.566002e-01	-7.737614e-01	
1.609756e-01	-7.704257e-01	
1.653375e-01	-7.671688e-01	
1.696882e-01	-7.639925e-01	
1.740298e-01	-7.608986e-01	
1.783647e-01	-7.578885e-01	
1.826952e-01	-7.549635e-01	
1.870234e-01	-7.521247e-01	
1.913516e-01	-7.493728e-01	
1.956820e-01	-7.467085e-01	
2.000168e-01	-7.441321e-01	
2.043580e-01	-7.416439e-01	
2.087079e-01	-7.392437e-01	
2.130684e-01	-7.369314e-01	
2.174415e-01	-7.347064e-01	
2.218291e-01	-7.325681e-01	
2.262330e-01	-7.305155e-01	
2.306551e-01	-7.285476e-01	
2.350970e-01	-7.266631e-01	
2.395603e-01	-7.248605e-01	
2.440466e-01	-7.231380e-01	
2.485572e-01	-7.214939e-01	
2.530935e-01	-7.199261e-01	
2.576566e-01	-7.184322e-01	
2.622478e-01	-7.170100e-01	
2.668679e-01	-7.156568e-01	
2.715179e-01	-7.143698e-01	
2.761985e-01	-7.131463e-01	
2.809103e-01	-7.119831e-01	
2.856539e-01	-7.108770e-01	
2.904296e-01	-7.098248e-01	
2.952376e-01	-7.088229e-01	
3.000781e-01	-7.078679e-01	
3.049510e-01	-7.069559e-01	
3.098562e-01	-7.060833e-01	
3.147934e-01	-7.052461e-01	
3.197621e-01	-7.044404e-01	
3.247617e-01	-7.036622e-01	
3.297915e-01	-7.029071e-01	
3.348507e-01	-7.021712e-01	
3.399383e-01	-7.014502e-01	
3.450531e-01	-7.007397e-01	
3.501938e-01	-7.000354e-01	
3.553590e-01	-6.993331e-01	
3.605472e-01	-6.986282e-01	
3.657566e-01	-6.979164e-01	
3.709856e-01	-6.971934e-01	
3.762321e-01	-6.964547e-01	
3.814940e-01	-6.956960e-01	
3.867692e-01	-6.949129e-01	
3.920554e-01	-6.941011e-01	
3.973502e-01	-6.932564e-01	
4.026510e-01	-6.923745e-01	
4.079552e-01	-6.914512e-01	
4.132600e-01	-6.904825e-01	
4.185627e-01	-6.894643e-01	
4.238602e-01	-6.883928e-01	
4.291497e-01	-6.872639e-01	
4.344279e-01	-6.860740e-01	
4.396918e-01	-6.848194e-01	
4.449382e-01	-6.834965e-01	
4.501636e-01	-6.821020e-01	
4.553648e-01	-6.806324e-01	
4.605384e-01	-6.790847e-01	
4.656809e-01	-6.774558e-01	
4.707888e-01	-6.757427e-01	
4.758588e-01	-6.739427e-01	
4.808871e-01	-6.720532e-01	
4.858704e-01	-6.700717e-01	
4.908050e-01	-6.679960e-01	
4.956875e-01	-6.658238e-01	
5.005142e-01	-6.635533e-01	
5.052817e-01	-6.611826e-01	
5.099864e-01	-6.587100e-01	
5.146249e-01	-6.561343e-01	
5.191939e-01	-6.534540e-01	
5.236898e-01	-6.506681e-01	
5.281094e-01	-6.477757e-01	
5.324495e-01	-6.447760e-01	
5.367067e-01	-6.416685e-01	
5.408781e-01	-6.384528e-01	
5.449605e-01	-6.351289e-01	
5.489511e-01	-6.316966e-01	
5.528469e-01	-6.281561e-01	
5.566453e-01	-6.245080e-01	
5.603436e-01	-6.207526e-01	
5.639393e-01	-6.168907e-01	
5.674299e-01	-6.129232e-01	
5.708133e-01	-6.088513e-01	
5.740874e-01	-6.046762e-01	
5.772500e-01	-6.003992e-01	
5.802994e-01	-5.960221e-01	
5.832340e-01	-5.915465e-01	
5.860521e-01	-5.869743e-01	
5.887524e-01	-5.823077e-01	
5.913338e-01	-5.775488e-01	
5.937951e-01	-5.727000e-01	
5.961356e-01	-5.677637e-01	
5.983545e-01	-5.627427e-01	
6.004514e-01	-5.576397e-01	
6.024259e-01	-5.524574e-01	
6.042780e-01	-5.471991e-01	
6.060076e-01	-5.418676e-01	
6.076151e-01	-5.364664e-01	
6.091009e-01	-5.309985e-01	
6.104657e-01	-5.254676e-01	
6.117102e-01	-5.198769e-01	
6.128356e-01	-5.142301e-01	
6.138429e-01	-5.085308e-01	
6.147337e-01	-5.027826e-01	
6.155096e-01	-4.969893e-01	
6.161724e-01	-4.911547e-01	
6.167240e-01	-4.852826e-01	
6.171667e-01	-4.793767e-01	
6.175029e-01	-4.734411e-01	
6.177350e-01	-4.674795e-01	
6.178659e-01	-4.614958e-01	
6.178984e-01	-4.554940e-01	
6.178357e-01	-4.494779e-01	
6.176810e-01	-4.434513e-01	
6.174378e-01	-4.374182e-01	
6.171097e-01	-4.313822e-01	
6.167004e-01	-4.253472e-01	
6.162138e-01	-4.193169e-01	
6.156539e-01	-4.132949e-01	
6.150251e-01	-4.072849e-01	
6.143315e-01	-4.012903e-01	
6.135778e-01	-3.953147e-01	
6.127683e-01	-3.893613e-01	
6.119079e-01	-3.834336e-01	
6.110014e-01	-3.775347e-01	
6.100535e-01	-3.716676e-01	
6.090694e-01	-3.658355e-01	
6.080541e-01	-3.600411e-01	
6.070128e-01	-3.542872e-01	
6.059506e-01	-3.485765e-01	
6.048728e-01	-3.429115e-01	
6.037849e-01	-3.372945e-01	
6.026920e-01	-3.317278e-01	
6.015997e-01	-3.262135e-01	
6.005134e-01	-3.207535e-01	
5.994385e-01	-3.153498e-01	
5.983804e-01	-3.100038e-01	
5.973446e-01	-3.047173e-01	
5.963364e-01	-2.994914e-01	
5.953614e-01	-2.943275e-01	
5.944248e-01	-2.892265e-01	
5.935321e-01	-2.841893e-01	
5.926883e-01	-2.792167e-01	
5.918989e-01	-2.743093e-01	
5.911688e-01	-2.694673e-01	
5.905032e-01	-2.646910e-01	
5.899071e-01	-2.599806e-01	
5.893853e-01	-2.553359e-01	
5.889426e-01	-2.507567e-01	
5.885836e-01	-2.462425e-01	
5.883128e-01	-2.417927e-01	
5.881348e-01	-2.374068e-01	
5.880537e-01	-2.330837e-01	
5.880736e-01	-2.288224e-01	
5.881985e-01	-2.246218e-01	
5.884322e-01	-2.204805e-01	
5.887783e-01	-2.163970e-01	
5.892402e-01	-2.123698e-01	
5.898212e-01	-2.083971e-01	
5.905244e-01	-2.044770e-01	
5.913526e-01	-2.006075e-01	
5.923085e-01	-1.967866e-01	
5.933945e-01	-1.930119e-01	
5.946129e-01	-1.892811e-01	
5.959657e-01	-1.855918e-01	
5.974547e-01	-1.819414e-01	
5.990815e-01	-1.783273e-01	
6.008474e-01	-1.747467e-01	
6.027534e-01	-1.711969e-01	
6.048006e-01	-1.676748e-01	
6.069894e-01	-1.641777e-01	
6.093203e-01	-1.607024e-01	
6.117934e-01	-1.572459e-01	
6.144086e-01	-1.538051e-01	
6.171655e-01	-1.503768e-01	
6.200636e-01	-1.469578e-01	
6.231019e-01	-1.435449e-01	
6.262794e-01	-1.401348e-01	
6.295947e-01	-1.367243e-01	
6.330463e-01	-1.333102e-01	
6.366323e-01	-1.298892e-01	
6.403505e-01	-1.264580e-01	
6.441988e-01	-1.230135e-01	
6.481745e-01	-1.195523e-01	
6.522748e-01	-1.160714e-01	
6.564967e-01	-1.125677e-01	
6.608369e-01	-1.090379e-01	
6.652921e-01	-1.054791e-01	
6.698584e-01	-1.018884e-01	
6.745320e-01	-9.826277e-02	
6.793088e-01	-9.459940e-02	
6.841844e-01	-9.089554e-02	
6.891543e-01	-8.714851e-02	
6.942139e-01	-8.335574e-02	
6.993583e-01	-7.951472e-02	
7.045823e-01	-7.562309e-02	
7.098808e-01	-7.167856e-02	
7.152484e-01	-6.767896e-02	
7.206795e-01	-6.362225e-02	
7.261685e-01	-5.950651e-02	
7.317096e-01	-5.532993e-02	
7.372968e-01	-5.109084e-02	
7.429240e-01	-4.678772e-02	
7.485850e-01	-4.241918e-02	
7.542737e-01	-3.798394e-02	
7.599837e-01	-3.348092e-02	
7.657084e-01	-2.890915e-02	
7.714415e-01	-2.426781e-02	
7.771763e-01	-1.955625e-02	
7.829062e-01	-1.477396e-02	
7.886246e-01	-9.920592e-03	
7.943248e-01	-4.995951e-03	
8.000000e-01	-1.959435e-16	
